brown red purp exp belmont - split
[41.942177,-87.653454,0.000000],
[41.941852,-87.653442,0.000000],
[41.941457,-87.653423,0.000000],
[41.940832,-87.653397,0.000000],
[41.939914,-87.653383,0.000000],
[41.939751,-87.653380,0.000000]

brown wellington-belmont
[41.939751,-87.653380,0.000000],
[41.939388,-87.653375,0.000000],
[41.938929,-87.653368,0.000000],
[41.938650,-87.653364,0.000000],
[41.937632,-87.653326,0.000000],
[41.937170,-87.653309,0.000000],
[41.936267,-87.653275,0.000000],
[41.936033,-87.653266,0.000000]

brown western-rockwell
[41.966210,-87.694111,0.000000],
[41.966231,-87.691446,0.000000],
[41.966243,-87.690255,0.000000],
[41.966253,-87.689463,0.000000],
[41.966250,-87.688503,0.000000]

brown rockwell - francisco
[41.966147,-87.701656,0.000000],
[41.966147,-87.700752,0.000000],
[41.966152,-87.699536,0.000000],
[41.966159,-87.698729,0.000000],
[41.966183,-87.697892,0.000000],
[41.966198,-87.696749,0.000000],
[41.966205,-87.695022,0.000000],
[41.966210,-87.694111,0.000000]

brown kedzie - kimball
[41.967928,-87.713142,0.000000],
[41.966667,-87.713115,0.000000],
[41.966434,-87.713110,0.000000],
[41.966353,-87.713099,0.000000],
[41.966295,-87.713087,0.000000],
[41.966215,-87.713034,0.000000],
[41.966150,-87.712979,0.000000],
[41.966115,-87.712920,0.000000],
[41.966072,-87.712802,0.000000],
[41.966047,-87.712681,0.000000],
[41.966049,-87.712552,0.000000],
[41.966046,-87.712399,0.000000],
[41.966052,-87.712187,0.000000],
[41.966061,-87.711726,0.000000],
[41.966074,-87.711079,0.000000],
[41.966075,-87.710274,0.000000],
[41.966093,-87.708844,0.000000]

brown diversey - wellington
[41.936033,-87.653266,0.000000],
[41.935320,-87.653235,0.000000],
[41.934910,-87.653217,0.000000],
[41.934452,-87.653196,0.000000],
[41.933117,-87.653137,0.000000],
[41.932731,-87.653131,0.000000]

brown sedgwick - chicago ave
[41.896774,-87.635947,0.000000],
[41.896986,-87.636226,0.000000],
[41.897079,-87.636340,0.000000],
[41.897148,-87.636409,0.000000],
[41.897255,-87.636492,0.000000],
[41.897376,-87.636541,0.000000],
[41.897610,-87.636542,0.000000],
[41.898666,-87.636565,0.000000],
[41.898916,-87.636578,0.000000],
[41.899752,-87.636622,0.000000],
[41.900079,-87.636639,0.000000],
[41.900287,-87.636637,0.000000],
[41.901194,-87.636704,0.000000],
[41.901312,-87.636699,0.000000],
[41.901427,-87.636690,0.000000],
[41.901557,-87.636658,0.000000],
[41.901772,-87.636590,0.000000],
[41.901901,-87.636530,0.000000],
[41.902022,-87.636502,0.000000],
[41.902111,-87.636470,0.000000],
[41.902209,-87.636465,0.000000],
[41.902350,-87.636456,0.000000],
[41.902451,-87.636490,0.000000],
[41.902549,-87.636527,0.000000],
[41.902653,-87.636592,0.000000],
[41.902792,-87.636710,0.000000],
[41.902925,-87.636824,0.000000],
[41.902994,-87.636881,0.000000],
[41.903116,-87.636945,0.000000],
[41.903220,-87.636994,0.000000],
[41.903338,-87.637008,0.000000],
[41.903677,-87.637024,0.000000],
[41.903811,-87.637016,0.000000],
[41.905434,-87.637109,0.000000],
[41.906067,-87.637133,0.000000],
[41.907576,-87.637182,0.000000],
[41.908742,-87.637227,0.000000],
[41.909508,-87.637249,0.000000],
[41.909729,-87.637262,0.000000],
[41.909859,-87.637269,0.000000],
[41.909991,-87.637296,0.000000],
[41.910108,-87.637363,0.000000],
[41.910208,-87.637460,0.000000],
[41.910271,-87.637570,0.000000],
[41.910341,-87.637711,0.000000],
[41.910392,-87.637871,0.000000],
[41.910409,-87.637976,0.000000],
[41.910419,-87.638139,0.000000],
[41.910409,-87.639302,0.000000]

brown francisco - kedzie 
[41.966093,-87.708844,0.000000],
[41.966108,-87.707628,0.000000],
[41.966116,-87.706450,0.000000],
[41.966134,-87.703992,0.000000],
[41.966138,-87.702668,0.000000],
[41.966147,-87.701656,0.000000]

brown merch mart - chicago
[41.896774,-87.635947,0.000000],
[41.896668,-87.635834,0.000000],
[41.896545,-87.635735,0.000000],
[41.896452,-87.635685,0.000000],
[41.896328,-87.635683,0.000000],
[41.895420,-87.635645,0.000000],
[41.894336,-87.635628,0.000000],
[41.893271,-87.635595,0.000000],
[41.892606,-87.635580,0.000000],
[41.891467,-87.635535,0.000000],
[41.890512,-87.635526,0.000000],
[41.890302,-87.635481,0.000000],
[41.890206,-87.635399,0.000000],
[41.890125,-87.635327,0.000000],
[41.890070,-87.635240,0.000000],
[41.890011,-87.635079,0.000000],
[41.889970,-87.634933,0.000000],
[41.889936,-87.634754,0.000000],
[41.889912,-87.634616,0.000000],
[41.889886,-87.634468,0.000000],
[41.889840,-87.634364,0.000000],
[41.889787,-87.634246,0.000000],
[41.889702,-87.634137,0.000000],
[41.889624,-87.634072,0.000000],
[41.889522,-87.634020,0.000000],
[41.889426,-87.633993,0.000000],
[41.888968,-87.633973,0.000000]

brown armitage - fullerton
[41.925051,-87.652866,0.000000],
[41.923522,-87.652817,0.000000],
[41.921718,-87.652760,0.000000],
[41.921129,-87.652741,0.000000],
[41.918217,-87.652644,0.000000]

brown fullerton - diversey
[41.932731,-87.653131,0.000000],
[41.932177,-87.653096,0.000000],
[41.931515,-87.653070,0.000000],
[41.930902,-87.653047,0.000000],
[41.930302,-87.653024,0.000000],
[41.929508,-87.652993,0.000000],
[41.928703,-87.652962,0.000000],
[41.928418,-87.652955,0.000000],
[41.927678,-87.652935,0.000000],
[41.927149,-87.652922,0.000000],
[41.925991,-87.652891,0.000000],
[41.925368,-87.652875,0.000000],
[41.925051,-87.652866,0.000000]

brown irving park - montrose
[41.961752,-87.675165,0.000000],
[41.960772,-87.675131,0.000000],
[41.957985,-87.675054,0.000000],
[41.956658,-87.675007,0.000000],
[41.955131,-87.674972,0.000000],
[41.954523,-87.674956,0.000000]

brown addison - irving park
[41.954523,-87.674956,0.000000],
[41.953923,-87.674908,0.000000],
[41.953023,-87.674866,0.000000],
[41.952021,-87.674854,0.000000],
[41.951014,-87.674835,0.000000],
[41.949587,-87.674793,0.000000],
[41.948591,-87.674765,0.000000],
[41.947029,-87.674736,0.000000]

brown belmont - southport
[41.943812,-87.663610,0.000000],
[41.943907,-87.659095,0.000000],
[41.943911,-87.657666,0.000000],
[41.943932,-87.656083,0.000000],
[41.943941,-87.655496,0.000000],
[41.943942,-87.655215,0.000000],
[41.943929,-87.655030,0.000000],
[41.943904,-87.654880,0.000000],
[41.943860,-87.654699,0.000000],
[41.943802,-87.654543,0.000000],
[41.943746,-87.654413,0.000000],
[41.943641,-87.654248,0.000000],
[41.943513,-87.654100,0.000000],
[41.943420,-87.654005,0.000000],
[41.943310,-87.653917,0.000000],
[41.943185,-87.653822,0.000000],
[41.943063,-87.653747,0.000000],
[41.942920,-87.653665,0.000000],
[41.942803,-87.653608,0.000000],
[41.942686,-87.653555,0.000000],
[41.942571,-87.653511,0.000000],
[41.942383,-87.653475,0.000000],
[41.942177,-87.653454,0.000000]

brown Willow st - armitage
[41.918217,-87.652644,0.000000],
[41.918082,-87.652640,0.000000],
[41.917633,-87.652625,0.000000],
[41.917179,-87.652610,0.000000],
[41.915626,-87.652548,0.000000],
[41.915402,-87.652538,0.000000],
[41.915094,-87.652525,0.000000],
[41.914754,-87.652513,0.000000],
[41.914059,-87.652500,0.000000]
brown lake st - merchmart
[41.888968,-87.633973,0.000000],
[41.887069,-87.633956,0.000000],
[41.885725,-87.633913,0.000000]

brown sedgwick - willow st
[41.910409,-87.639302,0.000000],
[41.910405,-87.639746,0.000000],
[41.910401,-87.640378,0.000000],
[41.910397,-87.641000,0.000000],
[41.910387,-87.642550,0.000000],
[41.910363,-87.643479,0.000000],
[41.910341,-87.645230,0.000000],
[41.910342,-87.645804,0.000000],
[41.910333,-87.646456,0.000000],
[41.910330,-87.646644,0.000000],
[41.910338,-87.646818,0.000000],
[41.910363,-87.646969,0.000000],
[41.910397,-87.647095,0.000000],
[41.910444,-87.647180,0.000000],
[41.910511,-87.647277,0.000000],
[41.910613,-87.647336,0.000000],
[41.910707,-87.647357,0.000000],
[41.910858,-87.647377,0.000000],
[41.911013,-87.647391,0.000000],
[41.911125,-87.647404,0.000000],
[41.911220,-87.647448,0.000000],
[41.911385,-87.647558,0.000000],
[41.911459,-87.647680,0.000000],
[41.911500,-87.647812,0.000000],
[41.911512,-87.647916,0.000000],
[41.911505,-87.648627,0.000000],
[41.911499,-87.648832,0.000000],
[41.911500,-87.648999,0.000000],
[41.911527,-87.649204,0.000000],
[41.911580,-87.649390,0.000000],
[41.911602,-87.649481,0.000000],
[41.911645,-87.649566,0.000000],
[41.911714,-87.649714,0.000000],
[41.911797,-87.649849,0.000000],
[41.912030,-87.650168,0.000000],
[41.912601,-87.650926,0.000000],
[41.913217,-87.651827,0.000000],
[41.913388,-87.652078,0.000000],
[41.913507,-87.652228,0.000000],
[41.913619,-87.652344,0.000000],
[41.913765,-87.652422,0.000000],
[41.914059,-87.652500,0.000000]
brown southport - paulina
[41.943709,-87.670884,0.000000],
[41.943727,-87.669384,0.000000],
[41.943768,-87.667487,0.000000],
[41.943782,-87.665847,0.000000],
[41.943790,-87.665081,0.000000],
[41.943812,-87.663610,0.000000]

brown paulina - addison
[41.947029,-87.674736,0.000000],
[41.945963,-87.674683,0.000000],
[41.945131,-87.674660,0.000000],
[41.944940,-87.674630,0.000000],
[41.944738,-87.674571,0.000000],
[41.944551,-87.674500,0.000000],
[41.944382,-87.674419,0.000000],
[41.944236,-87.674299,0.000000],
[41.944143,-87.674195,0.000000],
[41.944042,-87.674049,0.000000],
[41.943934,-87.673859,0.000000],
[41.943863,-87.673671,0.000000],
[41.943800,-87.673477,0.000000],
[41.943764,-87.673340,0.000000],
[41.943727,-87.673108,0.000000],
[41.943702,-87.672894,0.000000],
[41.943686,-87.672630,0.000000],
[41.943687,-87.672339,0.000000],
[41.943702,-87.671500,0.000000],
[41.943709,-87.670884,0.000000]

brown damen - western
[41.966250,-87.688503,0.000000],
[41.966281,-87.687181,0.000000],
[41.966309,-87.685454,0.000000],
[41.966325,-87.683985,0.000000],
[41.966353,-87.682715,0.000000],
[41.966363,-87.681594,0.000000],
[41.966383,-87.680340,0.000000],
[41.966411,-87.678635,0.000000]

brown montrose - damen 
[41.966411,-87.678635,0.000000],
[41.966422,-87.677664,0.000000],
[41.966414,-87.677409,0.000000],
[41.966403,-87.677221,0.000000],
[41.966380,-87.676955,0.000000],
[41.966321,-87.676649,0.000000],
[41.966231,-87.676382,0.000000],
[41.966116,-87.676128,0.000000],
[41.965962,-87.675890,0.000000],
[41.965789,-87.675697,0.000000],
[41.965645,-87.675574,0.000000],
[41.965471,-87.675445,0.000000],
[41.965362,-87.675391,0.000000],
[41.965189,-87.675304,0.000000],
[41.965034,-87.675242,0.000000],
[41.964910,-87.675229,0.000000],
[41.964769,-87.675217,0.000000],
[41.964612,-87.675216,0.000000],
[41.964364,-87.675206,0.000000],
[41.963711,-87.675190,0.000000],
[41.961752,-87.675165,0.000000]