loop laSalle/vanBuren - HWL/VanBuren
[41.876855,-87.631734,0.000000],
[41.876886,-87.629253,0.000000],
[41.876908,-87.628209,0.000000]

loop washington-wells - quincy st
[41.882695,-87.633854,0.000000],
[41.881440,-87.633845,0.000000],
[41.880141,-87.633783,0.000000],
[41.878723,-87.633740,0.000000]

loop clark/lake - wells
[41.885737,-87.630886,0.000000],
[41.885737,-87.632040,0.000000],
[41.885730,-87.632846,0.000000],
[41.885725,-87.633913,0.000000]

loop quincy - lasalle/vanburen
[41.878723,-87.633740,0.000000],
[41.877261,-87.633686,0.000000],
[41.877063,-87.633693,0.000000],
[41.876953,-87.633645,0.000000],
[41.876907,-87.633585,0.000000],
[41.876881,-87.633528,0.000000],
[41.876859,-87.633449,0.000000],
[41.876846,-87.633375,0.000000],
[41.876849,-87.632626,0.000000],
[41.876855,-87.631734,0.000000]

loop HWL - SE exit
[41.876908,-87.628209,0.000000],
[41.876932,-87.627567,0.000000],
[41.876959,-87.626496,0.000000],
[41.876960,-87.626349,0.000000],
[41.876946,-87.626250,0.000000],
[41.876880,-87.626121,0.000000],
[41.876806,-87.626051,0.000000],
[41.876704,-87.626030,0.000000]

loop clark/lake - state/lake
[41.885740,-87.627835,0.000000],
[41.885741,-87.628872,0.000000],
[41.885739,-87.629478,0.000000],
[41.885738,-87.629816,0.000000],
[41.885738,-87.629922,0.000000],
[41.885738,-87.630114,0.000000],
[41.885738,-87.630199,0.000000],
[41.885737,-87.630886,0.000000]

loop adams/wabash - madison st
[41.879510,-87.626098,0.000000],
[41.882031,-87.626156,0.000000]

loop van buren - adams/wabash
[41.876704,-87.626030,0.000000],
[41.878307,-87.626054,0.000000],
[41.879510,-87.626098,0.000000]

loop state/lake - randolph/wabash
[41.884435,-87.626222,0.000000],
[41.885343,-87.626257,0.000000],
[41.885521,-87.626255,0.000000],
[41.885570,-87.626253,0.000000],
[41.885618,-87.626268,0.000000],
[41.885658,-87.626302,0.000000],
[41.885689,-87.626347,0.000000],
[41.885723,-87.626421,0.000000],
[41.885733,-87.626503,0.000000],
[41.885736,-87.626554,0.000000],
[41.885738,-87.626612,0.000000],
[41.885739,-87.626830,0.000000],
[41.885740,-87.627835,0.000000]

loop lake st - washington/wells
[41.885725,-87.633913,0.000000],
[41.884406,-87.633889,0.000000],
[41.882695,-87.633854,0.000000]

loop madison st - randolph/wabash
[41.882031,-87.626156,0.000000],
[41.884435,-87.626222,0.000000]