Orange Kedzie - pulaski 
[41.799888,-87.724450,0.000000],
[41.801509,-87.720744,0.000000],
[41.802613,-87.718139,0.000000],
[41.803165,-87.716765,0.000000],
[41.803570,-87.715749,0.000000],
[41.803790,-87.715056,0.000000],
[41.803902,-87.714644,0.000000],
[41.804021,-87.714124,0.000000],
[41.804113,-87.713626,0.000000],
[41.804168,-87.713228,0.000000],
[41.804229,-87.712520,0.000000],
[41.804251,-87.711772,0.000000],
[41.804285,-87.709791,0.000000],
[41.804331,-87.706734,0.000000],
[41.804348,-87.704321,0.000000]

orange ashland - 35/archer
[41.829560,-87.680587,0.000000],
[41.831175,-87.677969,0.000000],
[41.833141,-87.674757,0.000000],
[41.834113,-87.673256,0.000000],
[41.835845,-87.670789,0.000000],
[41.837065,-87.669069,0.000000],
[41.837896,-87.667847,0.000000],
[41.838515,-87.666913,0.000000],
[41.838892,-87.666243,0.000000],
[41.839356,-87.665312,0.000000]

orange pulaski - midway
[41.786614,-87.737956,0.000000],
[41.792325,-87.738165,0.000000],
[41.792703,-87.738158,0.000000],
[41.792968,-87.738114,0.000000],
[41.793227,-87.738058,0.000000],
[41.793384,-87.737973,0.000000],
[41.793807,-87.737715,0.000000],
[41.793996,-87.737567,0.000000],
[41.794245,-87.737310,0.000000],
[41.794541,-87.736966,0.000000],
[41.794806,-87.736604,0.000000],
[41.795085,-87.736191,0.000000],
[41.795305,-87.735804,0.000000],
[41.795611,-87.735237,0.000000],
[41.795819,-87.734780,0.000000],
[41.796115,-87.734013,0.000000],
[41.798421,-87.728191,0.000000],
[41.799888,-87.724450,0.000000]

orange western - kedzie
[41.804348,-87.704321,0.000000],
[41.804455,-87.698200,0.000000],
[41.804538,-87.694274,0.000000],
[41.804592,-87.691093,0.000000],
[41.804635,-87.686874,0.000000],
[41.804684,-87.684065,0.000000]

orange ashland - halsted
[41.839356,-87.665312,0.000000],
[41.840803,-87.662267,0.000000],
[41.842509,-87.658726,0.000000],
[41.842947,-87.657797,0.000000],
[41.844635,-87.654339,0.000000],
[41.844918,-87.653575,0.000000],
[41.845080,-87.653127,0.000000],
[41.845235,-87.652644,0.000000],
[41.845391,-87.652063,0.000000],
[41.845547,-87.651424,0.000000],
[41.845778,-87.650654,0.000000],
[41.845979,-87.650097,0.000000],
[41.846256,-87.649419,0.000000],
[41.846901,-87.648131,0.000000]

orange 35th/archer - western
[41.804684,-87.684065,0.000000],
[41.804704,-87.683036,0.000000],
[41.804693,-87.682406,0.000000],
[41.804715,-87.682116,0.000000],
[41.804761,-87.681804,0.000000],
[41.804868,-87.681341,0.000000],
[41.804967,-87.681037,0.000000],
[41.805131,-87.680701,0.000000],
[41.805313,-87.680419,0.000000],
[41.805521,-87.680159,0.000000],
[41.805732,-87.679957,0.000000],
[41.805913,-87.679831,0.000000],
[41.806171,-87.679691,0.000000],
[41.806404,-87.679609,0.000000],
[41.806666,-87.679559,0.000000],
[41.806933,-87.679531,0.000000],
[41.808686,-87.679580,0.000000],
[41.810885,-87.679631,0.000000],
[41.811889,-87.679668,0.000000],
[41.814247,-87.679724,0.000000],
[41.814626,-87.679780,0.000000],
[41.814810,-87.679798,0.000000],
[41.815184,-87.679880,0.000000],
[41.815678,-87.680009,0.000000],
[41.816106,-87.680179,0.000000],
[41.816547,-87.680366,0.000000],
[41.818589,-87.681708,0.000000],
[41.820581,-87.683086,0.000000],
[41.823181,-87.684935,0.000000],
[41.824258,-87.685689,0.000000],
[41.824621,-87.685950,0.000000],
[41.824846,-87.686068,0.000000],
[41.824982,-87.686137,0.000000],
[41.825251,-87.686201,0.000000],
[41.825430,-87.686212,0.000000],
[41.825573,-87.686208,0.000000],
[41.825882,-87.686131,0.000000],
[41.826106,-87.686030,0.000000],
[41.826281,-87.685907,0.000000],
[41.826492,-87.685695,0.000000],
[41.826662,-87.685474,0.000000],
[41.826842,-87.685166,0.000000],
[41.827030,-87.684804,0.000000],
[41.827297,-87.684295,0.000000],
[41.828881,-87.681744,0.000000],
[41.829560,-87.680587,0.000000]

orange 18th st split - bridgeport yard
[41.846901,-87.648131,0.000000],
[41.847678,-87.646533,0.000000],
[41.847974,-87.645784,0.000000],
[41.848182,-87.645139,0.000000],
[41.848366,-87.644391,0.000000],
[41.848598,-87.643509,0.000000],
[41.848812,-87.642819,0.000000],
[41.849578,-87.641224,0.000000],
[41.849948,-87.640608,0.000000],
[41.850168,-87.640316,0.000000],
[41.850298,-87.640146,0.000000],
[41.851670,-87.638907,0.000000],
[41.852682,-87.638004,0.000000],
[41.854319,-87.636562,0.000000],
[41.854951,-87.635947,0.000000],
[41.855535,-87.635249,0.000000],
[41.856569,-87.633979,0.000000],
[41.856838,-87.633575,0.000000],
[41.857109,-87.633052,0.000000],
[41.857320,-87.632511,0.000000],
[41.857462,-87.631978,0.000000],
[41.857545,-87.631585,0.000000],
[41.857591,-87.631301,0.000000],
[41.857635,-87.630755,0.000000],
[41.857686,-87.627827,0.000000],
[41.857724,-87.627412,0.000000],
[41.857752,-87.627268,0.000000],
[41.857792,-87.627128,0.000000],
[41.857836,-87.626990,0.000000],
[41.857911,-87.626820,0.000000],
[41.857984,-87.626692,0.000000],
[41.858065,-87.626599,0.000000],
[41.858122,-87.626548,0.000000],
[41.858244,-87.626470,0.000000],
[41.858389,-87.626456,0.000000],
[41.858759,-87.626418,0.000000]
