pink western - California
[41.854397,-87.685179,0.000000],
[41.854384,-87.688516,0.000000],
[41.854280,-87.694823,0.000000]

pink central park - pulaski
[41.853992,-87.714880,0.000000],
[41.853946,-87.716705,0.000000],
[41.853912,-87.720141,0.000000],
[41.853867,-87.723033,0.000000],
[41.853857,-87.724327,0.000000]

pink pulaski - kostner
[41.853857,-87.724327,0.000000],
[41.853875,-87.725933,0.000000],
[41.853867,-87.727360,0.000000],
[41.853814,-87.729951,0.000000],
[41.853751,-87.733264,0.000000]

pink Kostner - Cicero
[41.853751,-87.733264,0.000000],
[41.853734,-87.734604,0.000000],
[41.853729,-87.734781,0.000000],
[41.853715,-87.734960,0.000000],
[41.853693,-87.735094,0.000000],
[41.853661,-87.735214,0.000000],
[41.853613,-87.735385,0.000000],
[41.853541,-87.735552,0.000000],
[41.853476,-87.735675,0.000000],
[41.853409,-87.735800,0.000000],
[41.853329,-87.735910,0.000000],
[41.853080,-87.736154,0.000000],
[41.852596,-87.736589,0.000000],
[41.852408,-87.736813,0.000000],
[41.852321,-87.736935,0.000000],
[41.852204,-87.737171,0.000000],
[41.852136,-87.737362,0.000000],
[41.852099,-87.737492,0.000000],
[41.852069,-87.737609,0.000000],
[41.852049,-87.737765,0.000000],
[41.852037,-87.737934,0.000000],
[41.852030,-87.739034,0.000000],
[41.852017,-87.739875,0.000000],
[41.851961,-87.742526,0.000000],
[41.851925,-87.745342,0.000000]

pink cicero - 54th/cermak
[41.851925,-87.745342,0.000000],
[41.851880,-87.749210,0.000000],
[41.851884,-87.752130,0.000000],
[41.851773,-87.756692,0.000000]

pink california - kedzie
[41.854280,-87.694823,0.000000],
[41.854248,-87.698303,0.000000],
[41.854194,-87.701158,0.000000],
[41.854177,-87.702312,0.000000],
[41.854148,-87.704256,0.000000],
[41.854131,-87.705428,0.000000]

pink kedzie - central park
[41.854131,-87.705428,0.000000],
[41.854046,-87.709770,0.000000],
[41.853992,-87.714880,0.000000]

pink polk - 18th
[41.871563,-87.669543,0.000000],
[41.869727,-87.669496,0.000000],
[41.869146,-87.669482,0.000000],
[41.868079,-87.669454,0.000000],
[41.866738,-87.669420,0.000000],
[41.864808,-87.669349,0.000000],
[41.862794,-87.669293,0.000000],
[41.861029,-87.669244,0.000000],
[41.860087,-87.669216,0.000000],
[41.857908,-87.669160,0.000000]

pink paulina - polk
[41.871563,-87.669543,0.000000],
[41.875150,-87.669643,0.000000],
[41.875427,-87.669701,0.000000],
[41.875739,-87.669712,0.000000],
[41.876885,-87.669735,0.000000],
[41.877547,-87.669754,0.000000],
[41.877761,-87.669760,0.000000],
[41.877801,-87.669766,0.000000],
[41.877866,-87.669775,0.000000],
[41.877903,-87.669788,0.000000],
[41.877947,-87.669804,0.000000],
[41.877997,-87.669827,0.000000],
[41.878048,-87.669859,0.000000],
[41.878170,-87.669944,0.000000],
[41.878264,-87.670000,0.000000],
[41.878365,-87.670038,0.000000],
[41.878482,-87.670056,0.000000],
[41.878575,-87.670056,0.000000],
[41.878926,-87.670058,0.000000],
[41.880582,-87.670119,0.000000],
[41.882747,-87.670187,0.000000],
[41.883064,-87.670135,0.000000],
[41.883411,-87.670096,0.000000],
[41.883994,-87.670120,0.000000],
[41.884389,-87.670138,0.000000],
[41.884560,-87.670144,0.000000],
[41.884687,-87.670131,0.000000],
[41.884804,-87.670113,0.000000],
[41.884881,-87.670062,0.000000],
[41.884943,-87.670012,0.000000],
[41.885064,-87.669895,0.000000],
[41.885130,-87.669787,0.000000],
[41.885198,-87.669634,0.000000],
[41.885243,-87.669429,0.000000]

pink damen - western
[41.854515,-87.675974,0.000000],
[41.854442,-87.682345,0.000000],
[41.854434,-87.682906,0.000000],
[41.854428,-87.683217,0.000000],
[41.854397,-87.685179,0.000000]

pink 18th - damen
[41.857908,-87.669160,0.000000],
[41.855325,-87.669097,0.000000],
[41.855212,-87.669107,0.000000],
[41.855175,-87.669117,0.000000],
[41.855098,-87.669142,0.000000],
[41.855041,-87.669169,0.000000],
[41.854989,-87.669191,0.000000],
[41.854930,-87.669234,0.000000],
[41.854860,-87.669304,0.000000],
[41.854812,-87.669364,0.000000],
[41.854737,-87.669476,0.000000],
[41.854714,-87.669522,0.000000],
[41.854691,-87.669570,0.000000],
[41.854663,-87.669641,0.000000],
[41.854645,-87.669691,0.000000],
[41.854628,-87.669753,0.000000],
[41.854618,-87.669811,0.000000],
[41.854604,-87.669895,0.000000],
[41.854599,-87.669955,0.000000],
[41.854557,-87.673573,0.000000],
[41.854539,-87.674605,0.000000],
[41.854515,-87.675974,0.000000]
