purple howard - S Blvd
[42.027612,-87.678329,0.000000],
[42.026099,-87.678110,0.000000],
[42.024321,-87.677754,0.000000],
[42.023211,-87.677520,0.000000],
[42.022743,-87.677432,0.000000],
[42.022411,-87.677302,0.000000],
[42.022233,-87.677185,0.000000],
[42.022086,-87.677054,0.000000],
[42.021974,-87.676892,0.000000],
[42.021299,-87.675736,0.000000],
[42.020022,-87.674056,0.000000],
[42.019863,-87.673882,0.000000],
[42.019469,-87.673398,0.000000],
[42.019063,-87.672892,0.000000]

purp dempster - davis
[42.047710,-87.683543,0.000000],
[42.047085,-87.683580,0.000000],
[42.046995,-87.683580,0.000000],
[42.046758,-87.683462,0.000000],
[42.046385,-87.683262,0.000000],
[42.045826,-87.683018,0.000000],
[42.045272,-87.682767,0.000000],
[42.044448,-87.682420,0.000000],
[42.043923,-87.682221,0.000000],
[42.042743,-87.681855,0.000000],
[42.041655,-87.681602,0.000000]

purp main - dempster
[42.041655,-87.681602,0.000000],
[42.041322,-87.681522,0.000000],
[42.041051,-87.681472,0.000000],
[42.040510,-87.681364,0.000000],
[42.038237,-87.680849,0.000000],
[42.035918,-87.680334,0.000000],
[42.034226,-87.679936,0.000000],
[42.033964,-87.679826,0.000000],
[42.033632,-87.679612,0.000000],
[42.033456,-87.679538,0.000000]

purp davis - foster
[42.054160,-87.683560,0.000000],
[42.052966,-87.683542,0.000000],
[42.052340,-87.683496,0.000000],
[42.052166,-87.683490,0.000000],
[42.051653,-87.683488,0.000000],
[42.049000,-87.683530,0.000000],
[42.048487,-87.683543,0.000000],
[42.047710,-87.683543,0.000000]

purp noyse - central 
[42.063987,-87.685617,0.000000],
[42.062741,-87.684849,0.000000],
[42.061481,-87.684166,0.000000],
[42.060860,-87.683817,0.000000],
[42.060656,-87.683736,0.000000],
[42.060526,-87.683692,0.000000],
[42.060431,-87.683655,0.000000],
[42.060256,-87.683604,0.000000],
[42.060019,-87.683538,0.000000],
[42.059629,-87.683429,0.000000],
[42.059393,-87.683394,0.000000],
[42.059021,-87.683352,0.000000],
[42.058564,-87.683334,0.000000],
[42.058446,-87.683328,0.000000],
[42.058282,-87.683337,0.000000]

purp central - linden
[42.073153,-87.690730,0.000000],
[42.072395,-87.690323,0.000000],
[42.071615,-87.689852,0.000000],
[42.071118,-87.689536,0.000000],
[42.070665,-87.689248,0.000000],
[42.070125,-87.688910,0.000000],
[42.069405,-87.688525,0.000000],
[42.068785,-87.688209,0.000000],
[42.068225,-87.687915,0.000000],
[42.066995,-87.687307,0.000000],
[42.066110,-87.686814,0.000000],
[42.065564,-87.686510,0.000000],
[42.064793,-87.686081,0.000000],
[42.064185,-87.685732,0.000000],
[42.063987,-87.685617,0.000000]

purp foster - noyes
[42.058282,-87.683337,0.000000],
[42.057939,-87.683333,0.000000],
[42.057387,-87.683361,0.000000],
[42.056908,-87.683389,0.000000],
[42.055771,-87.683521,0.000000],
[42.055298,-87.683511,0.000000],
[42.054633,-87.683540,0.000000],
[42.054160,-87.683560,0.000000]

purp S blvd - main
[42.033456,-87.679538,0.000000],
[42.032116,-87.679259,0.000000],
[42.030600,-87.678915,0.000000],
[42.028944,-87.678555,0.000000],
[42.027612,-87.678329,0.000000]