red-purp exp Argyle Berwyn
[41.977984,-87.658668,0.000000],
[41.975228,-87.658588,0.000000],
[41.973453,-87.658530,0.000000]

red loop
[41.884809,-87.627813,0.000000],
[41.883215,-87.627748,0.000000]

red wilson - lawrence
[41.969139,-87.658493,0.000000],
[41.968376,-87.658466,0.000000],
[41.967459,-87.658422,0.000000],
[41.966882,-87.658384,0.000000],
[41.966690,-87.658359,0.000000],
[41.966504,-87.658319,0.000000],
[41.966218,-87.658190,0.000000],
[41.965819,-87.658021,0.000000],
[41.964273,-87.657588,0.000000]

red bryn mawr - thorndale
[41.990259,-87.659076,0.000000],
[41.988812,-87.659014,0.000000],
[41.987602,-87.658983,0.000000],
[41.984502,-87.658874,0.000000],
[41.983504,-87.658840,0.000000]

red roosevelt/wabash - cermak-chinatown
[41.867368,-87.627402,0.000000],
[41.865754,-87.627359,0.000000],
[41.864037,-87.627309,0.000000],
[41.863633,-87.627392,0.000000],
[41.863373,-87.627556,0.000000],
[41.863254,-87.627677,0.000000],
[41.863156,-87.627781,0.000000],
[41.862964,-87.628035,0.000000],
[41.862686,-87.628491,0.000000],
[41.862115,-87.629341,0.000000],
[41.861381,-87.630178,0.000000],
[41.860928,-87.630582,0.000000],
[41.860345,-87.630944,0.000000],
[41.860276,-87.631014,0.000000],
[41.860129,-87.631122,0.000000],
[41.859961,-87.631204,0.000000],
[41.859764,-87.631295,0.000000],
[41.859519,-87.631365,0.000000],
[41.859231,-87.631419,0.000000],
[41.858940,-87.631438,0.000000],
[41.858693,-87.631440,0.000000],
[41.857461,-87.631419,0.000000],
[41.855752,-87.631361,0.000000],
[41.854540,-87.631277,0.000000],
[41.853893,-87.631155,0.000000],
[41.853513,-87.631062,0.000000],
[41.853206,-87.630968,0.000000]

red grand-chicago
[41.896671,-87.628176,0.000000],
[41.895623,-87.628129,0.000000],
[41.894119,-87.628088,0.000000],
[41.892334,-87.628040,0.000000],
[41.891665,-87.628021,0.000000]

red granville - loyola
[42.001073,-87.661061,0.000000],
[42.000899,-87.660828,0.000000],
[42.000756,-87.660670,0.000000],
[42.000589,-87.660492,0.000000],
[42.000437,-87.660352,0.000000],
[42.000275,-87.660212,0.000000],
[42.000085,-87.660047,0.000000],
[41.999887,-87.659895,0.000000],
[41.999688,-87.659780,0.000000],
[41.999434,-87.659647,0.000000],
[41.999218,-87.659557,0.000000],
[41.998997,-87.659479,0.000000],
[41.998803,-87.659426,0.000000],
[41.998494,-87.659355,0.000000],
[41.998223,-87.659308,0.000000],
[41.997983,-87.659268,0.000000],
[41.997510,-87.659267,0.000000],
[41.997224,-87.659257,0.000000],
[41.996323,-87.659211,0.000000],
[41.995490,-87.659189,0.000000],
[41.994635,-87.659183,0.000000],
[41.993664,-87.659202,0.000000]

red Jackson - harrison
[41.878153,-87.627596,0.000000],
[41.876875,-87.627566,0.000000],
[41.875925,-87.627543,0.000000],
[41.874714,-87.627512,0.000000],
[41.874039,-87.627479,0.000000]

red monroe - washington st
[41.883215,-87.627748,0.000000],
[41.880745,-87.627696,0.000000]

red harrison - roosevelt(sub)
[41.874039,-87.627479,0.000000],
[41.873057,-87.627487,0.000000],
[41.871891,-87.627457,0.000000],
[41.870763,-87.627469,0.000000],
[41.869215,-87.627451,0.000000],
[41.867368,-87.627402,0.000000]

red 87th - 95th dan ryan
[41.735371,-87.624753,0.000000],
[41.734483,-87.624722,0.000000],
[41.732117,-87.624634,0.000000],
[41.729045,-87.624584,0.000000],
[41.728001,-87.624544,0.000000],
[41.722376,-87.624415,0.000000]

red garfield - 63rd
[41.795418,-87.631169,0.000000],
[41.793902,-87.631145,0.000000],
[41.791672,-87.631099,0.000000],
[41.787722,-87.631004,0.000000],
[41.787216,-87.631031,0.000000],
[41.785582,-87.631122,0.000000],
[41.783360,-87.631060,0.000000],
[41.782700,-87.631045,0.000000],
[41.780534,-87.631000,0.000000]

red berwyn - bryn mawr
[41.983504,-87.658840,0.000000],
[41.981844,-87.658792,0.000000],
[41.980593,-87.658750,0.000000],
[41.979669,-87.658716,0.000000],
[41.977984,-87.658668,0.000000]

red sheridan - wilson
[41.964273,-87.657588,0.000000],
[41.963970,-87.657563,0.000000],
[41.961814,-87.656999,0.000000],
[41.958611,-87.656890,0.000000],
[41.956923,-87.656837,0.000000],
[41.954907,-87.656769,0.000000],
[41.954410,-87.656739,0.000000],
[41.954299,-87.656740,0.000000],
[41.954166,-87.656718,0.000000],
[41.954042,-87.656648,0.000000],
[41.953966,-87.656565,0.000000],
[41.953877,-87.656465,0.000000],
[41.953801,-87.656347,0.000000],
[41.953774,-87.656235,0.000000],
[41.953764,-87.656063,0.000000],
[41.953765,-87.655570,0.000000],
[41.953775,-87.654929,0.000000]

red cermak-chinatown - 35th
[41.853206,-87.630968,0.000000],
[41.852939,-87.630906,0.000000],
[41.852676,-87.630850,0.000000],
[41.852428,-87.630821,0.000000],
[41.851791,-87.630735,0.000000],
[41.851072,-87.630689,0.000000],
[41.849602,-87.630686,0.000000],
[41.848969,-87.630725,0.000000],
[41.848362,-87.630849,0.000000],
[41.847477,-87.631012,0.000000],
[41.847175,-87.631088,0.000000],
[41.846854,-87.631149,0.000000],
[41.846689,-87.631170,0.000000],
[41.846472,-87.631203,0.000000],
[41.845856,-87.631272,0.000000],
[41.845472,-87.631279,0.000000],
[41.844583,-87.631257,0.000000],
[41.842852,-87.631136,0.000000],
[41.841837,-87.631032,0.000000],
[41.840366,-87.630930,0.000000],
[41.839525,-87.630867,0.000000],
[41.837212,-87.630811,0.000000],
[41.834946,-87.630746,0.000000],
[41.831191,-87.630636,0.000000]

red 47th - garfield
[41.810338,-87.631026,0.000000],
[41.809848,-87.631336,0.000000],
[41.809467,-87.631516,0.000000],
[41.809330,-87.631567,0.000000],
[41.809286,-87.631586,0.000000],
[41.809240,-87.631601,0.000000],
[41.809189,-87.631614,0.000000],
[41.808992,-87.631680,0.000000],
[41.808954,-87.631696,0.000000],
[41.808700,-87.631741,0.000000],
[41.808530,-87.631772,0.000000],
[41.808299,-87.631791,0.000000],
[41.808046,-87.631807,0.000000],
[41.807682,-87.631789,0.000000],
[41.806899,-87.631733,0.000000],
[41.805348,-87.631620,0.000000],
[41.803053,-87.631462,0.000000],
[41.801890,-87.631345,0.000000],
[41.800837,-87.631322,0.000000],
[41.797754,-87.631241,0.000000],
[41.795418,-87.631169,0.000000]

red howard - jarvis
[42.019063,-87.672892,0.000000],
[42.018595,-87.672324,0.000000],
[42.018143,-87.671775,0.000000],
[42.017850,-87.671421,0.000000],
[42.017326,-87.670787,0.000000],
[42.016976,-87.670365,0.000000],
[42.016577,-87.669882,0.000000],
[42.015876,-87.669092,0.000000]

red grand - lake
[41.891665,-87.628021,0.000000],
[41.890715,-87.627995,0.000000],
[41.889649,-87.627989,0.000000],
[41.887832,-87.627935,0.000000],
[41.885961,-87.627831,0.000000],
[41.885740,-87.627835,0.000000],
[41.884809,-87.627813,0.000000]

red jarvis - morse
[42.015876,-87.669092,0.000000],
[42.014663,-87.667692,0.000000],
[42.014215,-87.667183,0.000000],
[42.013882,-87.666891,0.000000],
[42.013549,-87.666635,0.000000],
[42.012974,-87.666298,0.000000],
[42.012593,-87.666126,0.000000],
[42.012268,-87.666056,0.000000],
[42.011833,-87.666014,0.000000],
[42.010590,-87.665971,0.000000],
[42.008362,-87.665909,0.000000]

red chicago - clark/division
[41.903920,-87.631412,0.000000],
[41.903945,-87.629077,0.000000],
[41.903936,-87.628914,0.000000],
[41.903903,-87.628802,0.000000],
[41.903870,-87.628745,0.000000],
[41.903818,-87.628695,0.000000],
[41.903756,-87.628666,0.000000],
[41.903642,-87.628642,0.000000],
[41.903163,-87.628620,0.000000],
[41.902120,-87.628348,0.000000],
[41.900262,-87.628297,0.000000],
[41.899136,-87.628264,0.000000],
[41.896671,-87.628176,0.000000]

red 63rd - 69th
[41.780534,-87.631000,0.000000],
[41.779822,-87.630971,0.000000],
[41.779421,-87.630932,0.000000],
[41.778923,-87.630819,0.000000],
[41.778742,-87.630767,0.000000],
[41.778468,-87.630646,0.000000],
[41.778149,-87.630484,0.000000],
[41.777832,-87.630281,0.000000],
[41.777489,-87.630040,0.000000],
[41.777229,-87.629790,0.000000],
[41.776980,-87.629539,0.000000],
[41.776770,-87.629256,0.000000],
[41.776442,-87.628821,0.000000],
[41.776233,-87.628526,0.000000],
[41.775409,-87.627504,0.000000],
[41.775143,-87.627251,0.000000],
[41.775006,-87.627119,0.000000],
[41.774906,-87.627040,0.000000],
[41.774632,-87.626831,0.000000],
[41.774450,-87.626699,0.000000],
[41.774161,-87.626518,0.000000],
[41.774021,-87.626444,0.000000],
[41.773974,-87.626415,0.000000],
[41.773830,-87.626350,0.000000],
[41.773489,-87.626194,0.000000],
[41.773433,-87.626175,0.000000],
[41.772957,-87.626028,0.000000],
[41.772864,-87.626007,0.000000],
[41.772586,-87.625963,0.000000],
[41.772524,-87.625954,0.000000],
[41.772181,-87.625920,0.000000],
[41.771872,-87.625898,0.000000],
[41.770149,-87.625849,0.000000],
[41.768368,-87.625809,0.000000]

red north/clyborn - willow st
[41.914059,-87.652500,0.000000],
[41.913268,-87.652494,0.000000],
[41.913162,-87.652491,0.000000],
[41.913081,-87.652486,0.000000],
[41.912987,-87.652424,0.000000],
[41.912934,-87.652353,0.000000],
[41.912256,-87.651407,0.000000],
[41.911746,-87.650698,0.000000],
[41.910655,-87.649177,0.000000]

red morse - loyola
[42.008362,-87.665909,0.000000],
[42.006866,-87.665832,0.000000],
[42.006184,-87.665770,0.000000],
[42.005860,-87.665712,0.000000],
[42.005250,-87.665526,0.000000],
[42.004665,-87.665271,0.000000],
[42.004148,-87.664999,0.000000],
[42.003815,-87.664768,0.000000],
[42.003480,-87.664475,0.000000],
[42.003047,-87.664005,0.000000],
[42.002638,-87.663462,0.000000],
[42.002637,-87.663461,0.000000],
[42.002265,-87.662881,0.000000],
[42.001869,-87.662249,0.000000],
[42.001525,-87.661657,0.000000],
[42.001367,-87.661420,0.000000],
[42.001073,-87.661061,0.000000]

red sheridan - addison
[41.953775,-87.654929,0.000000],
[41.953754,-87.654306,0.000000],
[41.953734,-87.654079,0.000000],
[41.953703,-87.653939,0.000000],
[41.953645,-87.653851,0.000000],
[41.953582,-87.653786,0.000000],
[41.953515,-87.653733,0.000000],
[41.953431,-87.653693,0.000000],
[41.953320,-87.653685,0.000000],
[41.953112,-87.653672,0.000000],
[41.952456,-87.653626,0.000000],
[41.951995,-87.653660,0.000000],
[41.951083,-87.653658,0.000000],
[41.950600,-87.653646,0.000000],
[41.948199,-87.653636,0.000000],
[41.947428,-87.653626,0.000000]

red clark/division - north/ clyborn
[41.910655,-87.649177,0.000000],
[41.909708,-87.647854,0.000000],
[41.908067,-87.645545,0.000000],
[41.904581,-87.640686,0.000000],
[41.904041,-87.639934,0.000000],
[41.903918,-87.639712,0.000000],
[41.903834,-87.639506,0.000000],
[41.903791,-87.639257,0.000000],
[41.903791,-87.638957,0.000000],
[41.903825,-87.636981,0.000000],
[41.903868,-87.634470,0.000000],
[41.903920,-87.631412,0.000000]

red 69th - 79th
[41.768368,-87.625809,0.000000],
[41.765416,-87.625691,0.000000],
[41.762896,-87.625672,0.000000],
[41.758147,-87.625574,0.000000],
[41.756039,-87.625533,0.000000],
[41.755158,-87.625496,0.000000],
[41.753876,-87.625375,0.000000],
[41.753161,-87.625306,0.000000],
[41.752640,-87.625250,0.000000],
[41.751888,-87.625205,0.000000],
[41.751283,-87.625191,0.000000],
[41.750412,-87.625178,0.000000]

red granville - thorndale
[41.993664,-87.659202,0.000000],
[41.992353,-87.659130,0.000000],
[41.990832,-87.659081,0.000000],
[41.990259,-87.659076,0.000000]

red 79th - 87th
[41.750412,-87.625178,0.000000],
[41.744599,-87.624998,0.000000],
[41.743030,-87.624967,0.000000],
[41.739483,-87.624823,0.000000],
[41.736135,-87.624784,0.000000],
[41.735371,-87.624753,0.000000]

red monroe - jackson
[41.880745,-87.627696,0.000000],
[41.878153,-87.627596,0.000000]

red 35 - 47th
[41.831191,-87.630636,0.000000],
[41.827484,-87.630559,0.000000],
[41.825190,-87.630502,0.000000],
[41.822686,-87.630436,0.000000],
[41.817687,-87.630309,0.000000],
[41.816467,-87.630279,0.000000],
[41.815240,-87.630252,0.000000],
[41.813507,-87.630211,0.000000],
[41.812811,-87.630186,0.000000],
[41.812467,-87.630194,0.000000],
[41.812138,-87.630219,0.000000],
[41.811819,-87.630272,0.000000],
[41.811472,-87.630379,0.000000],
[41.811385,-87.630415,0.000000],
[41.811086,-87.630557,0.000000],
[41.810338,-87.631026,0.000000]
