yellow line howard - dempster
[42.038951,-87.751919,0.000000],
[42.038112,-87.751606,0.000000],
[42.037357,-87.751258,0.000000],
[42.037170,-87.751172,0.000000],
[42.036354,-87.750799,0.000000],
[42.035500,-87.750398,0.000000],
[42.035329,-87.750326,0.000000],
[42.034728,-87.750059,0.000000],
[42.033959,-87.749695,0.000000],
[42.033462,-87.749521,0.000000],
[42.033351,-87.749482,0.000000],
[42.032931,-87.749365,0.000000],
[42.032555,-87.749240,0.000000],
[42.032461,-87.749211,0.000000],
[42.032019,-87.749076,0.000000],
[42.030912,-87.748684,0.000000],
[42.030652,-87.748612,0.000000],
[42.029263,-87.748200,0.000000],
[42.028458,-87.747952,0.000000],
[42.028077,-87.747825,0.000000],
[42.027766,-87.747721,0.000000],
[42.027330,-87.747583,0.000000],
[42.026788,-87.747426,0.000000],
[42.026484,-87.747320,0.000000],
[42.026207,-87.747206,0.000000],
[42.025908,-87.747096,0.000000],
[42.025626,-87.746962,0.000000],
[42.025350,-87.746807,0.000000],
[42.025081,-87.746631,0.000000],
[42.024821,-87.746434,0.000000],
[42.024569,-87.746218,0.000000],
[42.024327,-87.745982,0.000000],
[42.024095,-87.745728,0.000000],
[42.023875,-87.745457,0.000000],
[42.023667,-87.745169,0.000000],
[42.023471,-87.744865,0.000000],
[42.023289,-87.744547,0.000000],
[42.023121,-87.744215,0.000000],
[42.022967,-87.743871,0.000000],
[42.022829,-87.743516,0.000000],
[42.022705,-87.743150,0.000000],
[42.022598,-87.742776,0.000000],
[42.022507,-87.742393,0.000000],
[42.022433,-87.742005,0.000000],
[42.022353,-87.741240,0.000000],
[42.022309,-87.740589,0.000000],
[42.022311,-87.737881,0.000000],
[42.022336,-87.730808,0.000000],
[42.022338,-87.728205,0.000000],
[42.022341,-87.723324,0.000000],
[42.022353,-87.722728,0.000000],
[42.022362,-87.722431,0.000000],
[42.022376,-87.722194,0.000000],
[42.022397,-87.721951,0.000000],
[42.022458,-87.721320,0.000000],
[42.022499,-87.720891,0.000000],
[42.022533,-87.720455,0.000000],
[42.022548,-87.720108,0.000000],
[42.022573,-87.719803,0.000000],
[42.022615,-87.719141,0.000000],
[42.022623,-87.718521,0.000000],
[42.022643,-87.718203,0.000000],
[42.022646,-87.718053,0.000000],
[42.022648,-87.717901,0.000000],
[42.022654,-87.716906,0.000000],
[42.022645,-87.716023,0.000000],
[42.022655,-87.715332,0.000000],
[42.022661,-87.714962,0.000000],
[42.022659,-87.714402,0.000000],
[42.022652,-87.713821,0.000000],
[42.022601,-87.712740,0.000000],
[42.022577,-87.711803,0.000000],
[42.022565,-87.711326,0.000000],
[42.022556,-87.710742,0.000000],
[42.022550,-87.710393,0.000000],
[42.022544,-87.710218,0.000000],
[42.022530,-87.709819,0.000000],
[42.022495,-87.708786,0.000000],
[42.022505,-87.708320,0.000000],
[42.022509,-87.707870,0.000000],
[42.022502,-87.707316,0.000000],
[42.022521,-87.706603,0.000000],
[42.022577,-87.704155,0.000000],
[42.022622,-87.703000,0.000000],
[42.022627,-87.701815,0.000000],
[42.022594,-87.701009,0.000000],
[42.022533,-87.700311,0.000000],
[42.022468,-87.699784,0.000000],
[42.022428,-87.699474,0.000000],
[42.022320,-87.698559,0.000000],
[42.022228,-87.697503,0.000000],
[42.022203,-87.697194,0.000000],
[42.022195,-87.696636,0.000000],
[42.022201,-87.695799,0.000000],
[42.022231,-87.694970,0.000000],
[42.022245,-87.694296,0.000000],
[42.022257,-87.693327,0.000000],
[42.022241,-87.692561,0.000000],
[42.022151,-87.691856,0.000000],
[42.022109,-87.691609,0.000000],
[42.022061,-87.691346,0.000000],
[42.022001,-87.690955,0.000000],
[42.021948,-87.690487,0.000000],
[42.021921,-87.690053,0.000000],
[42.021852,-87.689596,0.000000],
[42.021800,-87.689229,0.000000],
[42.021757,-87.688779,0.000000],
[42.021697,-87.688008,0.000000],
[42.021695,-87.687456,0.000000],
[42.021708,-87.686056,0.000000],
[42.021708,-87.685743,0.000000],
[42.021707,-87.684838,0.000000],
[42.021705,-87.682168,0.000000],
[42.021709,-87.679634,0.000000],
[42.021682,-87.679157,0.000000],
[42.021636,-87.678623,0.000000],
[42.021582,-87.678115,0.000000],
[42.021529,-87.677832,0.000000],
[42.021484,-87.677618,0.000000],
[42.021459,-87.677479,0.000000],
[42.021432,-87.677332,0.000000],
[42.021402,-87.677165,0.000000],
[42.021342,-87.676924,0.000000],
[42.021256,-87.676600,0.000000],
[42.021146,-87.676285,0.000000],
[42.020982,-87.675888,0.000000],
[42.020805,-87.675556,0.000000],
[42.020573,-87.675133,0.000000],
[42.020355,-87.674738,0.000000],
[42.020205,-87.674486,0.000000],
[42.019863,-87.673882,0.000000],
[42.019469,-87.673398,0.000000],
[42.019063,-87.672892,0.000000]