[41.978877,-87.901848,0.000000],
[41.979159,-87.901522,0.000000],
[41.979449,-87.901226,0.000000],
[41.979641,-87.901019,0.000000],
[41.979827,-87.900819,0.000000],
[41.980018,-87.900589,0.000000],
[41.980434,-87.900137,0.000000],
[41.980844,-87.899649,0.000000],
[41.981169,-87.899201,0.000000],
[41.981468,-87.898715,0.000000],
[41.981646,-87.898230,0.000000],
[41.981705,-87.897773,0.000000],
[41.981738,-87.897133,0.000000],
[41.981674,-87.896584,0.000000],
[41.981586,-87.896273,0.000000],
[41.981467,-87.896013,0.000000],
[41.981318,-87.895762,0.000000],
[41.981187,-87.895623,0.000000],
[41.981183,-87.895619,0.000000],
[41.979647,-87.893826,0.000000],
[41.978706,-87.892790,0.000000],
[41.977787,-87.891704,0.000000],
[41.977626,-87.891481,0.000000],
[41.977489,-87.891236,0.000000],
[41.977355,-87.890950,0.000000],
[41.977242,-87.890655,0.000000],
[41.977156,-87.890309,0.000000],
[41.977083,-87.889932,0.000000],
[41.977037,-87.889595,0.000000],
[41.977033,-87.889280,0.000000],
[41.977032,-87.889007,0.000000],
[41.977044,-87.888747,0.000000],
[41.977094,-87.888401,0.000000],
[41.977171,-87.888049,0.000000],
[41.977277,-87.887717,0.000000],
[41.977368,-87.887472,0.000000],
[41.977466,-87.887255,0.000000],
[41.978229,-87.885508,0.000000],
[41.980978,-87.878744,0.000000],
[41.980981,-87.878738,0.000000],
[41.982234,-87.875701,0.000000],
[41.982663,-87.874627,0.000000],
[41.982773,-87.874344,0.000000],
[41.982840,-87.874078,0.000000],
[41.982974,-87.873638,0.000000],
[41.983065,-87.873173,0.000000],
[41.983126,-87.872757,0.000000],
[41.983155,-87.872367,0.000000],
[41.983190,-87.871936,0.000000],
[41.983210,-87.871390,0.000000],
[41.983211,-87.870932,0.000000],
[41.983233,-87.870326,0.000000],
[41.983264,-87.868766,0.000000],
[41.983298,-87.866327,0.000000],
[41.983350,-87.863954,0.000000],
[41.983440,-87.861298,0.000000],
[41.983507,-87.859388,0.000000],
[41.983622,-87.856686,0.000000],
[41.983746,-87.853596,0.000000],
[41.983772,-87.852382,0.000000],
[41.983788,-87.850667,0.000000],
[41.983881,-87.848143,0.000000],
[41.983976,-87.845676,0.000000],
[41.983978,-87.844774,0.000000],
[41.984031,-87.843391,0.000000],
[41.984094,-87.841857,0.000000],
[41.984189,-87.840218,0.000000],
[41.984294,-87.838026,0.000000],
[41.984340,-87.836786,0.000000],
[41.984395,-87.835612,0.000000],
[41.984467,-87.834218,0.000000],
[41.984537,-87.832755,0.000000],
[41.984573,-87.831159,0.000000],
[41.984548,-87.829591,0.000000],
[41.984506,-87.828339,0.000000],
[41.984435,-87.826844,0.000000],
[41.984313,-87.825276,0.000000],
[41.984163,-87.824049,0.000000],
[41.984036,-87.823003,0.000000],
[41.983889,-87.821790,0.000000],
[41.983748,-87.820753,0.000000],
[41.983575,-87.819489,0.000000],
[41.983442,-87.818607,0.000000],
[41.983260,-87.817728,0.000000],
[41.983056,-87.816849,0.000000],
[41.982833,-87.815940,0.000000],
[41.982658,-87.815280,0.000000],
[41.982536,-87.814699,0.000000],
[41.982455,-87.814204,0.000000],
[41.982349,-87.813552,0.000000],
[41.982308,-87.813035,0.000000],
[41.982282,-87.812481,0.000000],
[41.982290,-87.811123,0.000000],
[41.982314,-87.809843,0.000000],
[41.982323,-87.808895,0.000000],
[41.982340,-87.807184,0.000000],
[41.982347,-87.806057,0.000000],
[41.982364,-87.803066,0.000000],
[41.982383,-87.801067,0.000000],
[41.982396,-87.798762,0.000000],
[41.982431,-87.794033,0.000000],
[41.982461,-87.790652,0.000000],
[41.982478,-87.787923,0.000000],
[41.982486,-87.787125,0.000000],
[41.982498,-87.786506,0.000000],
[41.982501,-87.785979,0.000000],
[41.982481,-87.785540,0.000000],
[41.982447,-87.785162,0.000000],
[41.982376,-87.784687,0.000000],
[41.982269,-87.784201,0.000000],
[41.982118,-87.783644,0.000000],
[41.981892,-87.783067,0.000000],
[41.981639,-87.782523,0.000000],
[41.981194,-87.781752,0.000000],
[41.980681,-87.780827,0.000000],
[41.980107,-87.779830,0.000000],
[41.979280,-87.778382,0.000000],
[41.978525,-87.777015,0.000000],
[41.977511,-87.775237,0.000000],
[41.976633,-87.773683,0.000000],
[41.975632,-87.771930,0.000000],
[41.974212,-87.769440,0.000000],
[41.973386,-87.767968,0.000000],
[41.972985,-87.767223,0.000000],
[41.972434,-87.766239,0.000000],
[41.972165,-87.765718,0.000000],
[41.972008,-87.765345,0.000000],
[41.971914,-87.765130,0.000000],
[41.971755,-87.764715,0.000000],
[41.971614,-87.764297,0.000000],
[41.971455,-87.763710,0.000000],
[41.971345,-87.763202,0.000000],
[41.971219,-87.762684,0.000000],
[41.971074,-87.762095,0.000000],
[41.970879,-87.761490,0.000000],
[41.970634,-87.760892,0.000000],
[41.970497,-87.760572,0.000000],
[41.970306,-87.760126,0.000000],
[41.970076,-87.759698,0.000000],
[41.969793,-87.759181,0.000000],
[41.969438,-87.758569,0.000000],
[41.968763,-87.757383,0.000000],
[41.968195,-87.756400,0.000000],
[41.967892,-87.755863,0.000000],
[41.967582,-87.755307,0.000000],
[41.967219,-87.754662,0.000000],
[41.966823,-87.753964,0.000000],
[41.966453,-87.753322,0.000000],
[41.966016,-87.752615,0.000000],
[41.965732,-87.752183,0.000000],
[41.965365,-87.751631,0.000000],
[41.964776,-87.750858,0.000000],
[41.964323,-87.749997,0.000000],
[41.964191,-87.749752,0.000000],
[41.964075,-87.749511,0.000000],
[41.963955,-87.749247,0.000000],
[41.963820,-87.748916,0.000000],
[41.963728,-87.748697,0.000000],
[41.963624,-87.748372,0.000000],
[41.963508,-87.748022,0.000000],
[41.963356,-87.747589,0.000000],
[41.963174,-87.746988,0.000000],
[41.963050,-87.746555,0.000000],
[41.962912,-87.746113,0.000000],
[41.962784,-87.745769,0.000000],
[41.962661,-87.745464,0.000000],
[41.962561,-87.745255,0.000000],
[41.962430,-87.745022,0.000000],
[41.962293,-87.744768,0.000000],
[41.962161,-87.744559,0.000000],
[41.962014,-87.744330,0.000000],
[41.961851,-87.744096,0.000000],
[41.961690,-87.743883,0.000000],
[41.961487,-87.743617,0.000000],
[41.961330,-87.743429,0.000000],
[41.961175,-87.743264,0.000000],
[41.960976,-87.743001,0.000000],
[41.960758,-87.742744,0.000000],
[41.960559,-87.742510,0.000000],
[41.960283,-87.742146,0.000000],
[41.959998,-87.741693,0.000000],
[41.959701,-87.741214,0.000000],
[41.959407,-87.740740,0.000000],
[41.957427,-87.737245,0.000000],
[41.956704,-87.735943,0.000000],
[41.955950,-87.734466,0.000000],
[41.954950,-87.732729,0.000000],
[41.953642,-87.730431,0.000000],
[41.952940,-87.729177,0.000000],
[41.952268,-87.727978,0.000000],
[41.951320,-87.726321,0.000000],
[41.950848,-87.725476,0.000000],
[41.949749,-87.723568,0.000000],
[41.949436,-87.723017,0.000000],
[41.949102,-87.722403,0.000000],
[41.948809,-87.721808,0.000000],
[41.948688,-87.721547,0.000000],
[41.948541,-87.721217,0.000000],
[41.948445,-87.720983,0.000000],
[41.948327,-87.720734,0.000000],
[41.948204,-87.720427,0.000000],
[41.948055,-87.720120,0.000000],
[41.947956,-87.719920,0.000000],
[41.947840,-87.719719,0.000000],
[41.947679,-87.719496,0.000000],
[41.947512,-87.719278,0.000000],
[41.947360,-87.719099,0.000000],
[41.947200,-87.718910,0.000000],
[41.947064,-87.718790,0.000000],
[41.946939,-87.718677,0.000000],
[41.946662,-87.718501,0.000000],
[41.946409,-87.718308,0.000000],
[41.946098,-87.718136,0.000000],
[41.945687,-87.717894,0.000000],
[41.945360,-87.717706,0.000000],
[41.944984,-87.717496,0.000000],
[41.944564,-87.717267,0.000000],
[41.944165,-87.717031,0.000000],
[41.943794,-87.716802,0.000000],
[41.943574,-87.716648,0.000000],
[41.943397,-87.716522,0.000000],
[41.943220,-87.716361,0.000000],
[41.942998,-87.716168,0.000000],
[41.942787,-87.715934,0.000000],
[41.942554,-87.715623,0.000000],
[41.942305,-87.715294,0.000000],
[41.942132,-87.715028,0.000000],
[41.941956,-87.714730,0.000000],
[41.941854,-87.714523,0.000000],
[41.941730,-87.714278,0.000000],
[41.941561,-87.713936,0.000000],
[41.941426,-87.713611,0.000000],
[41.941266,-87.713287,0.000000],
[41.941094,-87.712995,0.000000],
[41.940910,-87.712785,0.000000],
[41.940653,-87.712575,0.000000],
[41.940458,-87.712480,0.000000],
[41.940142,-87.712417,0.000000],
[41.939265,-87.712394,0.000000],
[41.938132,-87.712359,0.000000],
[41.936765,-87.712308,0.000000],
[41.934575,-87.712247,0.000000],
[41.932422,-87.712198,0.000000],
[41.932234,-87.712168,0.000000],
[41.932076,-87.712142,0.000000],
[41.931938,-87.712061,0.000000],
[41.931821,-87.711924,0.000000],
[41.931738,-87.711796,0.000000],
[41.931594,-87.711598,0.000000],
[41.930830,-87.710320,0.000000],
[41.929728,-87.708541,0.000000],
[41.928995,-87.707350,0.000000],
[41.928692,-87.706922,0.000000],
[41.928331,-87.706390,0.000000],
[41.927959,-87.705939,0.000000],
[41.927605,-87.705551,0.000000],
[41.927371,-87.705298,0.000000],
[41.927095,-87.704997,0.000000],
[41.926831,-87.704704,0.000000],
[41.926573,-87.704372,0.000000],
[41.926267,-87.703952,0.000000],
[41.925060,-87.702028,0.000000],
[41.923821,-87.699943,0.000000],
[41.922774,-87.698230,0.000000],
[41.921939,-87.696890,0.000000],
[41.920238,-87.694062,0.000000],
[41.918466,-87.691128,0.000000],
[41.917148,-87.688968,0.000000],
[41.916157,-87.687364,0.000000],
[41.914767,-87.685221,0.000000],
[41.913862,-87.683819,0.000000],
[41.912735,-87.682092,0.000000],
[41.912037,-87.680993,0.000000],
[41.910918,-87.679278,0.000000],
[41.909744,-87.677437,0.000000],
[41.908600,-87.675720,0.000000],
[41.907259,-87.673628,0.000000],
[41.905603,-87.671036,0.000000],
[41.905377,-87.670635,0.000000],
[41.905138,-87.670143,0.000000],
[41.904652,-87.669000,0.000000],
[41.904403,-87.668276,0.000000],
[41.903355,-87.666496,0.000000],
[41.902971,-87.665926,0.000000],
[41.902521,-87.665237,0.000000],
[41.901842,-87.664170,0.000000],
[41.901462,-87.663574,0.000000],
[41.900824,-87.662587,0.000000],
[41.900220,-87.661622,0.000000],
[41.899745,-87.660901,0.000000],
[41.899097,-87.659869,0.000000],
[41.898395,-87.658786,0.000000],
[41.897774,-87.657814,0.000000],
[41.897053,-87.656717,0.000000],
[41.896444,-87.655797,0.000000],
[41.896075,-87.655214,0.000000],
[41.895850,-87.654846,0.000000],
[41.895202,-87.653800,0.000000],
[41.894596,-87.652847,0.000000],
[41.893978,-87.651929,0.000000],
[41.893024,-87.650443,0.000000],
[41.892369,-87.649423,0.000000],
[41.891841,-87.648586,0.000000],
[41.891189,-87.647578,0.000000],
[41.890667,-87.646777,0.000000],
[41.889970,-87.645716,0.000000],
[41.889518,-87.645056,0.000000],
[41.889099,-87.644444,0.000000],
[41.888301,-87.643353,0.000000],
[41.887786,-87.642655,0.000000],
[41.887275,-87.641959,0.000000],
[41.886713,-87.641195,0.000000],
[41.886462,-87.640854,0.000000],
[41.886257,-87.640575,0.000000],
[41.885839,-87.640008,0.000000],
[41.885791,-87.639938,0.000000],
[41.885751,-87.639849,0.000000],
[41.885731,-87.639698,0.000000],
[41.885703,-87.639443,0.000000],
[41.885708,-87.638150,0.000000],
[41.885716,-87.636057,0.000000],
[41.885725,-87.633913,0.000000],
[41.885730,-87.632846,0.000000],
[41.885737,-87.632040,0.000000],
[41.885737,-87.630886,0.000000],
[41.885738,-87.630199,0.000000],
[41.885738,-87.630114,0.000000],
[41.885738,-87.629922,0.000000],
[41.885738,-87.629816,0.000000],
[41.885733,-87.629753,0.000000],
[41.885723,-87.629704,0.000000],
[41.885708,-87.629660,0.000000],
[41.885678,-87.629583,0.000000],
[41.885633,-87.629525,0.000000],
[41.885571,-87.629478,0.000000],
[41.885515,-87.629471,0.000000],
[41.885465,-87.629467,0.000000],
[41.885369,-87.629466,0.000000],
[41.883164,-87.629440,0.000000],
[41.882128,-87.629424,0.000000],
[41.882003,-87.629420,0.000000],
[41.881345,-87.629398,0.000000],
[41.880759,-87.629379,0.000000],
[41.880703,-87.629378,0.000000],
[41.879498,-87.629339,0.000000],
[41.879036,-87.629324,0.000000],
[41.878730,-87.629314,0.000000],
[41.878200,-87.629296,0.000000],
[41.878183,-87.629296,0.000000],
[41.876886,-87.629253,0.000000],
[41.876843,-87.629252,0.000000],
[41.876498,-87.629240,0.000000],
[41.876306,-87.629234,0.000000],
[41.875977,-87.629221,0.000000],
[41.875861,-87.629227,0.000000],
[41.875741,-87.629286,0.000000],
[41.875665,-87.629421,0.000000],
[41.875629,-87.629548,0.000000],
[41.875608,-87.629690,0.000000],
[41.875568,-87.631722,0.000000],
[41.875569,-87.633626,0.000000],
[41.875604,-87.637299,0.000000],
[41.875539,-87.640984,0.000000],
[41.875513,-87.641908,0.000000],
[41.875522,-87.647100,0.000000],
[41.875516,-87.649642,0.000000],
[41.875477,-87.650398,0.000000],
[41.875466,-87.651795,0.000000],
[41.875599,-87.653755,0.000000],
[41.875779,-87.655843,0.000000],
[41.875835,-87.656806,0.000000],
[41.875847,-87.656973,0.000000],
[41.875876,-87.657386,0.000000],
[41.875900,-87.657863,0.000000],
[41.875896,-87.658208,0.000000],
[41.875895,-87.658633,0.000000],
[41.875883,-87.658981,0.000000],
[41.875881,-87.659344,0.000000],
[41.875886,-87.659456,0.000000],
[41.875871,-87.660183,0.000000],
[41.875810,-87.664990,0.000000],
[41.875772,-87.666581,0.000000],
[41.875762,-87.667531,0.000000],
[41.875735,-87.668864,0.000000],
[41.875655,-87.672754,0.000000],
[41.875651,-87.673359,0.000000],
[41.875635,-87.673946,0.000000],
[41.875635,-87.673946,0.000000],
[41.875609,-87.676451,0.000000],
[41.875581,-87.680268,0.000000],
[41.875545,-87.686129,0.000000],
[41.875538,-87.687028,0.000000],
[41.875530,-87.688435,0.000000],
[41.875492,-87.691035,0.000000],
[41.875472,-87.691477,0.000000],
[41.875470,-87.692329,0.000000],
[41.875409,-87.696017,0.000000],
[41.875396,-87.696730,0.000000],
[41.875398,-87.697780,0.000000],
[41.875380,-87.698306,0.000000],
[41.875356,-87.698778,0.000000],
[41.875330,-87.699164,0.000000],
[41.875296,-87.699604,0.000000],
[41.875263,-87.700003,0.000000],
[41.875215,-87.700434,0.000000],
[41.875177,-87.700813,0.000000],
[41.875085,-87.701468,0.000000],
[41.874724,-87.703940,0.000000],
[41.874426,-87.705978,0.000000],
[41.874396,-87.706191,0.000000],
[41.874313,-87.706760,0.000000],
[41.874254,-87.707192,0.000000],
[41.874209,-87.707521,0.000000],
[41.874175,-87.707855,0.000000],
[41.874132,-87.708256,0.000000],
[41.874097,-87.709448,0.000000],
[41.874065,-87.710757,0.000000],
[41.874064,-87.712523,0.000000],
[41.874038,-87.714216,0.000000],
[41.874017,-87.715616,0.000000],
[41.873968,-87.719697,0.000000],
[41.873917,-87.724218,0.000000],
[41.873893,-87.725142,0.000000],
[41.873889,-87.725625,0.000000],
[41.873875,-87.727066,0.000000],
[41.873828,-87.730264,0.000000],
[41.873808,-87.732679,0.000000],
[41.873773,-87.733184,0.000000],
[41.873696,-87.733749,0.000000],
[41.873606,-87.734213,0.000000],
[41.873475,-87.734700,0.000000],
[41.873377,-87.735038,0.000000],
[41.873061,-87.735836,0.000000],
[41.872870,-87.736235,0.000000],
[41.872431,-87.737109,0.000000],
[41.872299,-87.737451,0.000000],
[41.872143,-87.737872,0.000000],
[41.872064,-87.738165,0.000000],
[41.871972,-87.738513,0.000000],
[41.871907,-87.738797,0.000000],
[41.871788,-87.739407,0.000000],
[41.871738,-87.739761,0.000000],
[41.871703,-87.740180,0.000000],
[41.871684,-87.740660,0.000000],
[41.871667,-87.741458,0.000000],
[41.871634,-87.743807,0.000000],
[41.871604,-87.744854,0.000000],
[41.871608,-87.745172,0.000000],
[41.871557,-87.749987,0.000000],
[41.871499,-87.753352,0.000000],
[41.871488,-87.755839,0.000000],
[41.871481,-87.756744,0.000000],
[41.871462,-87.757653,0.000000],
[41.871432,-87.758337,0.000000],
[41.871411,-87.758914,0.000000],
[41.871350,-87.759397,0.000000],
[41.871258,-87.759783,0.000000],
[41.871135,-87.760108,0.000000],
[41.871025,-87.760431,0.000000],
[41.870958,-87.760599,0.000000],
[41.870827,-87.760912,0.000000],
[41.870674,-87.761257,0.000000],
[41.870485,-87.761662,0.000000],
[41.870389,-87.761884,0.000000],
[41.870310,-87.762118,0.000000],
[41.870231,-87.762371,0.000000],
[41.870197,-87.762529,0.000000],
[41.870151,-87.762759,0.000000],
[41.870105,-87.763015,0.000000],
[41.870071,-87.763293,0.000000],
[41.870046,-87.763536,0.000000],
[41.870038,-87.763845,0.000000],
[41.870046,-87.764321,0.000000],
[41.870098,-87.764904,0.000000],
[41.870313,-87.767389,0.000000],
[41.870376,-87.768249,0.000000],
[41.870489,-87.770143,0.000000],
[41.870628,-87.772457,0.000000],
[41.870720,-87.773954,0.000000],
[41.870742,-87.774451,0.000000],
[41.870886,-87.776785,0.000000],
[41.870978,-87.778262,0.000000], 
[41.871301,-87.782516,0.000000], 
[41.871451,-87.784183,0.000000], 
[41.871724,-87.787237,0.000000], 
[41.872108, -87.791602, 0.0], 
[41.872212, -87.79279, 0.0], 
[41.872507, -87.796354, 0.0], 
[41.872967, -87.801518, 0.0], 
[41.873249, -87.804483, 0.0], 
[41.873363, -87.805687, 0.0], 
[41.87349, -87.806961, 0.0], 
[41.873693, -87.809002, 0.0], 
[41.873839, -87.810446, 0.0], 
[41.87384, -87.810799, 0.0], 
[41.87382, -87.8111, 0.0], 
[41.873814, -87.811248, 0.0], 
[41.873811, -87.811335, 0.0], 
[41.873798, -87.811489, 0.0], 
[41.873755, -87.811812, 0.0], 
[41.873737, -87.811972, 0.0], 
[41.873718, -87.812127, 0.0], 
[41.873682, -87.812413, 0.0], 
[41.873673, -87.812684, 0.0], 
[41.873654, -87.81286, 0.0], 
[41.87363, -87.813022, 0.0], 
[41.873611, -87.813212, 0.0], 
[41.873602, -87.813425, 0.0], 
[41.873581, -87.813704, 0.0], 
[41.873607, -87.813933, 0.0], 
[41.873652, -87.814101, 0.0], 
[41.873741, -87.814298, 0.0], 
[41.873816, -87.814475, 0.0], 
[41.873913, -87.814682, 0.0], 
[41.87398, -87.81484, 0.0], 
[41.874033, -87.815017, 0.0], 
[41.874071, -87.815234, 0.0], 
[41.874102, -87.81556, 0.0], 
[41.87414, -87.815906, 0.0], 
[41.874257, -87.817318, 0.0]
