south side main line
[41.876704,-87.626030,0.000000],
[41.875694,-87.625979,0.000000],
[41.875382,-87.625998,0.000000],
[41.875263,-87.626015,0.000000],
[41.875103,-87.626100,0.000000],
[41.874993,-87.626161,0.000000],
[41.874899,-87.626223,0.000000],
[41.874784,-87.626323,0.000000],
[41.874698,-87.626401,0.000000],
[41.874580,-87.626512,0.000000],
[41.874469,-87.626585,0.000000],
[41.874322,-87.626680,0.000000],
[41.874213,-87.626734,0.000000],
[41.874096,-87.626776,0.000000],
[41.873998,-87.626799,0.000000],
[41.873895,-87.626806,0.000000],
[41.873784,-87.626796,0.000000],
[41.873611,-87.626793,0.000000],
[41.869975,-87.626711,0.000000],
[41.867405,-87.626590,0.000000],
[41.865733,-87.626563,0.000000],
[41.861888,-87.626500,0.000000],
[41.860162,-87.626473,0.000000],
[41.858759,-87.626418,0.000000],
[41.858389,-87.626456,0.000000],
[41.858069,-87.626488,0.000000],
[41.856461,-87.626465,0.000000],
[41.855377,-87.626445,0.000000],
[41.853319,-87.626407,0.000000],
[41.850243,-87.626339,0.000000],
[41.849552,-87.626324,0.000000],
[41.847980,-87.626265,0.000000],
[41.847470,-87.626255,0.000000],
[41.847098,-87.626230,0.000000],
[41.844323,-87.626152,0.000000],
[41.842700,-87.626147,0.000000],
[41.841867,-87.626125,0.000000],
[41.841155,-87.626114,0.000000],
[41.838280,-87.626001,0.000000],
[41.837218,-87.625982,0.000000],
[41.834942,-87.625927,0.000000],
[41.831678,-87.625881,0.000000],
[41.830976,-87.625867,0.000000],
[41.827849,-87.625783,0.000000],
[41.824787,-87.625710,0.000000],
[41.822461,-87.625668,0.000000],
[41.822148,-87.625636,0.000000],
[41.822051,-87.625590,0.000000],
[41.821987,-87.625546,0.000000],
[41.821910,-87.625474,0.000000],
[41.821833,-87.625312,0.000000],
[41.821787,-87.625163,0.000000],
[41.821767,-87.625048,0.000000],
[41.821756,-87.624806,0.000000],
[41.821768,-87.624427,0.000000],
[41.821791,-87.623539,0.000000],
[41.821815,-87.621463,0.000000],
[41.821842,-87.620022,0.000000],
[41.821826,-87.619748,0.000000],
[41.821791,-87.619593,0.000000],
[41.821750,-87.619479,0.000000],
[41.821676,-87.619355,0.000000],
[41.821587,-87.619267,0.000000],
[41.821469,-87.619195,0.000000],
[41.821331,-87.619162,0.000000],
[41.821134,-87.619164,0.000000],
[41.820952,-87.619159,0.000000],
[41.818689,-87.619092,0.000000],
[41.816463,-87.619036,0.000000],
[41.814753,-87.618979,0.000000],
[41.812700,-87.618920,0.000000],
[41.810595,-87.618858,0.000000],
[41.809209,-87.618826,0.000000],
[41.806748,-87.618768,0.000000],
[41.806483,-87.618704,0.000000],
[41.806366,-87.618674,0.000000],
[41.806211,-87.618637,0.000000],
[41.806089,-87.618619,0.000000],
[41.805794,-87.618603,0.000000],
[41.803925,-87.618581,0.000000],
[41.802092,-87.618502,0.000000],
[41.801556,-87.618493,0.000000],
[41.799325,-87.618450,0.000000],
[41.797036,-87.618364,0.000000],
[41.795676,-87.618339,0.000000],
[41.795177,-87.618324,0.000000],
[41.793293,-87.618272,0.000000],
[41.791534,-87.618227,0.000000],
[41.789307,-87.618140,0.000000],
[41.788965,-87.618176,0.000000],
[41.787468,-87.618143,0.000000]

jackson park / cottege grove
[41.787468,-87.618143,0.000000],
[41.784766,-87.618014,0.000000],
[41.783808,-87.618003,0.000000],
[41.781457,-87.617955,0.000000],
[41.780356,-87.617939,0.000000],
[41.780221,-87.617902,0.000000],
[41.780143,-87.617818,0.000000],
[41.780071,-87.617686,0.000000],
[41.780056,-87.617506,0.000000],
[41.780089,-87.617088,0.000000],
[41.780130,-87.615546,0.000000],
[41.780172,-87.612288,0.000000],
[41.780245,-87.609706,0.000000],
[41.780309,-87.605857,0.000000]

ashland/englewood
[41.787468,-87.618143,0.000000],
[41.787289,-87.618177,0.000000],
[41.787204,-87.618228,0.000000],
[41.787112,-87.618320,0.000000],
[41.787041,-87.618432,0.000000],
[41.786997,-87.618550,0.000000],
[41.786970,-87.618734,0.000000],
[41.786938,-87.620650,0.000000],
[41.786920,-87.622946,0.000000],
[41.786905,-87.624114,0.000000],
[41.786893,-87.624700,0.000000],
[41.786906,-87.625704,0.000000],
[41.786845,-87.627928,0.000000],
[41.786819,-87.629413,0.000000],
[41.786781,-87.630710,0.000000],
[41.786772,-87.630968,0.000000],
[41.786756,-87.631211,0.000000],
[41.786715,-87.631379,0.000000],
[41.786659,-87.631561,0.000000],
[41.786590,-87.631696,0.000000],
[41.786527,-87.631785,0.000000],
[41.786477,-87.631850,0.000000],
[41.786414,-87.631900,0.000000],
[41.786331,-87.631957,0.000000],
[41.786250,-87.632001,0.000000],
[41.786134,-87.632035,0.000000],
[41.785737,-87.632016,0.000000],
[41.783673,-87.632047,0.000000],
[41.783296,-87.632051,0.000000],
[41.781899,-87.632028,0.000000],
[41.781544,-87.632029,0.000000],
[41.780738,-87.632000,0.000000],
[41.780542,-87.632003,0.000000],
[41.780456,-87.632015,0.000000],
[41.780356,-87.632051,0.000000],
[41.780290,-87.632099,0.000000],
[41.780194,-87.632185,0.000000],
[41.779988,-87.632456,0.000000],
[41.779655,-87.632876,0.000000],
[41.779483,-87.633097,0.000000],
[41.779343,-87.633374,0.000000],
[41.779306,-87.633532,0.000000],
[41.779292,-87.633755,0.000000],
[41.779260,-87.634177,0.000000],
[41.779224,-87.634716,0.000000],
[41.779142,-87.635648,0.000000],
[41.779119,-87.637300,0.000000],
[41.779078,-87.639596,0.000000],
[41.779028,-87.644023,0.000000],
[41.779022,-87.644940,0.000000],
[41.779027,-87.645405,0.000000],
[41.779084,-87.645712,0.000000],
[41.779152,-87.646033,0.000000],
[41.779215,-87.646387,0.000000],
[41.779179,-87.649587,0.000000],
[41.779130,-87.652624,0.000000],
[41.779077,-87.657090,0.000000],
[41.778992,-87.661563,0.000000],
[41.778953,-87.663845,0.000000]

green pulaski-cicero
[41.885412,-87.725404,0.000000],
[41.885430,-87.725729,0.000000],
[41.885460,-87.726246,0.000000],
[41.885488,-87.726738,0.000000],
[41.885633,-87.729255,0.000000],
[41.885672,-87.729944,0.000000],
[41.885740,-87.731133,0.000000],
[41.885792,-87.732043,0.000000],
[41.885854,-87.733114,0.000000],
[41.885893,-87.733799,0.000000],
[41.885922,-87.734312,0.000000],
[41.885993,-87.735585,0.000000],
[41.886132,-87.738056,0.000000],
[41.886272,-87.740543,0.000000],
[41.886317,-87.741298,0.000000],
[41.886416,-87.742960,0.000000],
[41.886519,-87.744691,0.000000],
[41.886519,-87.744698,0.000000]

green central-austin
[41.887389,-87.765650,0.000000],
[41.887388,-87.766499,0.000000],
[41.887381,-87.767413,0.000000],
[41.887361,-87.768033,0.000000],
[41.887360,-87.769016,0.000000],
[41.887354,-87.770015,0.000000],
[41.887334,-87.771897,0.000000],
[41.887305,-87.773159,0.000000],
[41.887293,-87.774135,0.000000]

green ridgeland - oak park
[41.887159,-87.783661,0.000000],
[41.887146,-87.784513,0.000000],
[41.887125,-87.786193,0.000000],
[41.887099,-87.787936,0.000000],
[41.887073,-87.788602,0.000000],
[41.887060,-87.789562,0.000000],
[41.887039,-87.791243,0.000000],
[41.887010,-87.792459,0.000000],
[41.886988,-87.793783,0.000000]

green kedzie - conservatory
[41.884321,-87.706155,0.000000],
[41.884353,-87.706685,0.000000],
[41.884398,-87.707449,0.000000],
[41.884465,-87.708574,0.000000],
[41.884506,-87.709348,0.000000],
[41.884599,-87.711063,0.000000],
[41.884653,-87.712074,0.000000],
[41.884686,-87.712679,0.000000],
[41.884765,-87.714142,0.000000],
[41.884789,-87.714552,0.000000],
[41.884833,-87.715298,0.000000],
[41.884874,-87.716010,0.000000],
[41.884904,-87.716523,0.000000]

green ashland - paulina st
[41.885311,-87.666951,0.000000],
[41.885243,-87.669429,0.000000]

green indiana - 43rd




green paulina st - california
[41.885243,-87.669429,0.000000],
[41.885204,-87.670819,0.000000],
[41.885137,-87.672221,0.000000],
[41.885101,-87.673081,0.000000],
[41.885056,-87.674297,0.000000],
[41.885007,-87.675792,0.000000],
[41.884977,-87.676652,0.000000],
[41.884926,-87.677752,0.000000],
[41.884872,-87.679456,0.000000],
[41.884831,-87.680432,0.000000],
[41.884769,-87.681834,0.000000],
[41.884684,-87.684042,0.000000],
[41.884597,-87.686087,0.000000],
[41.884559,-87.687651,0.000000],
[41.884456,-87.689813,0.000000],
[41.884409,-87.690750,0.000000],
[41.884374,-87.691672,0.000000],
[41.884350,-87.692648,0.000000],
[41.884315,-87.693593,0.000000],
[41.884254,-87.695111,0.000000],
[41.884220,-87.696234,0.000000]


green california - kedzie
[41.884220,-87.696234,0.000000],
[41.884130,-87.697869,0.000000],
[41.884112,-87.698798,0.000000],
[41.884076,-87.699527,0.000000],
[41.884058,-87.700232,0.000000],
[41.884039,-87.700625,0.000000],
[41.884031,-87.701077,0.000000],
[41.884022,-87.701290,0.000000],
[41.884021,-87.701312,0.000000],
[41.884114,-87.702774,0.000000],
[41.884174,-87.703714,0.000000],
[41.884204,-87.704183,0.000000],
[41.884288,-87.705604,0.000000],
[41.884292,-87.705673,0.000000],
[41.884319,-87.706116,0.000000],
[41.884321,-87.706155,0.000000]

green 59th st split - king drive


green 59th st - halsted
[41.787468,-87.618143,0.000000],
[41.787289,-87.618177,0.000000],
[41.787204,-87.618228,0.000000],
[41.787112,-87.618320,0.000000],
[41.787041,-87.618432,0.000000],
[41.786997,-87.618550,0.000000],
[41.786970,-87.618734,0.000000],
[41.786938,-87.620650,0.000000],
[41.786920,-87.622946,0.000000],
[41.786905,-87.624114,0.000000],
[41.786893,-87.624700,0.000000],
[41.786906,-87.625704,0.000000],
[41.786845,-87.627928,0.000000],
[41.786819,-87.629413,0.000000],
[41.786781,-87.630710,0.000000],
[41.786772,-87.630968,0.000000],
[41.786756,-87.631211,0.000000],
[41.786715,-87.631379,0.000000],
[41.786659,-87.631561,0.000000],
[41.786590,-87.631696,0.000000],
[41.786527,-87.631785,0.000000],
[41.786477,-87.631850,0.000000],
[41.786414,-87.631900,0.000000],
[41.786331,-87.631957,0.000000],
[41.786250,-87.632001,0.000000],
[41.786134,-87.632035,0.000000],
[41.785737,-87.632016,0.000000],
[41.783673,-87.632047,0.000000],
[41.783296,-87.632051,0.000000],
[41.781899,-87.632028,0.000000],
[41.781544,-87.632029,0.000000],
[41.780738,-87.632000,0.000000],
[41.780542,-87.632003,0.000000],
[41.780456,-87.632015,0.000000],
[41.780356,-87.632051,0.000000],
[41.780290,-87.632099,0.000000],
[41.780194,-87.632185,0.000000],
[41.779988,-87.632456,0.000000],
[41.779655,-87.632876,0.000000],
[41.779483,-87.633097,0.000000],
[41.779343,-87.633374,0.000000],
[41.779306,-87.633532,0.000000],
[41.779292,-87.633755,0.000000],
[41.779260,-87.634177,0.000000],
[41.779224,-87.634716,0.000000],
[41.779142,-87.635648,0.000000],
[41.779119,-87.637300,0.000000],
[41.779078,-87.639596,0.000000],
[41.779028,-87.644023,0.000000]

green Oak Park - harlem/lake
[41.886988,-87.793783,0.000000],
[41.886974,-87.794494,0.000000],
[41.886957,-87.795570,0.000000],
[41.886945,-87.796439,0.000000],
[41.886936,-87.797129,0.000000],
[41.886924,-87.797950,0.000000],
[41.886920,-87.798632,0.000000],
[41.886911,-87.799921,0.000000],
[41.886894,-87.800715,0.000000],
[41.886881,-87.801353,0.000000],
[41.886865,-87.802105,0.000000],
[41.886848,-87.803176,0.000000]

green argyle - lawrence
[41.973453,-87.658530,0.000000],
[41.971180,-87.658488,0.000000],
[41.969139,-87.658493,0.000000]

green austin - ridgeland
[41.887293,-87.774135,0.000000],
[41.887292,-87.775111,0.000000],
[41.887268,-87.776133,0.000000],
[41.887256,-87.777372,0.000000],
[41.887233,-87.778565,0.000000],
[41.887228,-87.779796,0.000000],
[41.887210,-87.781005,0.000000],
[41.887194,-87.782476,0.000000],
[41.887159,-87.783661,0.000000]

green clinton - ashland
[41.885703,-87.641771,0.000000],
[41.885702,-87.642799,0.000000],
[41.885707,-87.643941,0.000000],
[41.885694,-87.645061,0.000000],
[41.885679,-87.646338,0.000000],
[41.885664,-87.647355,0.000000],
[41.885646,-87.648506,0.000000],
[41.885622,-87.649721,0.000000],
[41.885604,-87.650880,0.000000],
[41.885581,-87.651874,0.000000],
[41.885560,-87.653110,0.000000],
[41.885535,-87.655587,0.000000],
[41.885502,-87.656727,0.000000],
[41.885483,-87.658346,0.000000],
[41.885433,-87.661479,0.000000],
[41.885389,-87.663123,0.000000],
[41.885377,-87.664143,0.000000],
[41.885351,-87.665164,0.000000],
[41.885311,-87.666951,0.000000]

green laramie - central
[41.887163,-87.754986,0.000000],
[41.887176,-87.755312,0.000000],
[41.887236,-87.755737,0.000000],
[41.887302,-87.756147,0.000000],
[41.887379,-87.756502,0.000000],
[41.887415,-87.756773,0.000000],
[41.887445,-87.757013,0.000000],
[41.887476,-87.757268,0.000000],
[41.887494,-87.757562,0.000000],
[41.887501,-87.757810,0.000000],
[41.887475,-87.758458,0.000000],
[41.887440,-87.760775,0.000000],
[41.887439,-87.762596,0.000000],
[41.887411,-87.763998,0.000000],
[41.887387,-87.765132,0.000000],
[41.887389,-87.765650,0.000000]

green lake st - clinton
[41.885725,-87.633913,0.000000],
[41.885716,-87.636057,0.000000],
[41.885708,-87.638159,0.000000],
[41.885703,-87.639443,0.000000],
[41.885703,-87.641771,0.000000]

green garfield - 59th st split

green conservatory - pulaski
[41.884904,-87.716523,0.000000],
[41.884921,-87.716799,0.000000],
[41.885106,-87.719957,0.000000],
[41.885157,-87.720868,0.000000],
[41.885196,-87.721557,0.000000],
[41.885244,-87.722421,0.000000],
[41.885275,-87.722965,0.000000],
[41.885368,-87.724617,0.000000],
[41.885412,-87.725404,0.000000]

green cicero - laramie
[41.886519,-87.744698,0.000000],
[41.886594,-87.745467,0.000000],
[41.886657,-87.746458,0.000000],
[41.886790,-87.748702,0.000000],
[41.886897,-87.750351,0.000000],
[41.886955,-87.751620,0.000000],
[41.887045,-87.753268,0.000000],
[41.887163,-87.754986,0.000000]

green 51st - garfield


green king drive - cottage grove
